1.0016102680001495	0.004707834711542067	1.3857142857142857
1.073252455000329	0.005836483298155726	1.1214285714285714
1.1450108080002792	0.00696617373722433	1.1714285714285715
1.2166778460000387	0.008095003824770085	1.1357142857142857
1.2884451990003072	0.009223970697622048	1.2214285714285715
1.3602961270003107	0.01035509868627436	1.1714285714285715
1.43201222100015	0.011480527806406808	1.3857142857142857
1.5042322590002186	0.012618208598203987	1.1285714285714286
1.575777742000355	0.013745823316138134	1.0928571428571427
1.647408225000163	0.014873813563463269	1.15
1.7190935970002101	0.01600163777658216	1.2142857142857142
1.790834561000338	0.01713068232862287	1.1928571428571428
1.8624785070001053	0.01824211358982199	2.1357142857142857
1.934345230999952	0.01935689730023353	2.142857142857143
2.006187381000018	0.020467999963037397	2.3285714285714287
2.078538717000356	0.021582745328502424	2.5642857142857145
2.1500684229999933	0.0226903835453553	2.25
2.221794814000077	0.02380311134424122	2.1357142857142857
2.293270094000036	0.02491577128232214	1.9142857142857144
2.365275078000195	0.02603072745097315	2.25
2.4368784319999577	0.027135773947880835	2.4642857142857144
2.5085536560000037	0.02824906376026345	2.057142857142857
2.5803209360001347	0.029381969757059458	0.9857142857142858
2.651952734000133	0.030489690480436208	2.335714285714286
2.723782773000039	0.03157761226165478	3.5785714285714287
2.795602202000282	0.03264543664635221	4.5928571428571425
2.867282925999916	0.03373419829773766	3.414285714285714
2.938761373000034	0.03482591110178501	3.092857142857143
3.0102543020002486	0.035942999123921786	1.6714285714285715
3.0819614340002772	0.03706888913371586	1.35
3.1534880849999354	0.03813935661695505	4.242857142857143
3.2249872730003517	0.039184853518785714	5.435714285714286
3.297141813000053	0.04018585420820174	7.742857142857143
3.368731446000311	0.04115488752267025	8.657142857142857
3.440905801000099	0.04211852428556572	9.128571428571428
3.5135635260003255	0.04307250090227853	9.67142857142857
3.5859593820000555	0.0439806263152891	10.978571428571428
3.658442292000018	0.04486315401169638	11.714285714285714
3.731135018000259	0.04574532590293483	11.792857142857143
3.8040161330000046	0.046608245550625566	12.335714285714285
3.875973043000158	0.047450503684396086	12.571428571428571
3.9477947870000207	0.048288528439453755	12.635714285714286
4.020051642999988	0.0491174169299291	12.964285714285714
4.091598017000251	0.04992638398480304	13.228571428571428
4.1632125950000045	0.050710765598933324	13.764285714285714
4.234853062000184	0.051497881295666625	13.714285714285714
4.306409306000205	0.05232277474312119	12.871428571428572
4.378447347000019	0.05320814703728205	11.492857142857142
4.45010075800019	0.054141536252835305	9.914285714285715
4.522212890999981	0.055119405455502674	8.592857142857143
4.593831673000295	0.05614450247217083	6.435714285714286
4.665500657999928	0.057206881233504314	4.75
4.7383231620001425	0.058310962548908836	3.5214285714285714
4.80994285099996	0.059425250636073755	1.95
4.8814859470003285	0.060566684518242674	0.2357142857142857
4.953116803000285	0.06171323342664156	0
5.024879475000034	0.062859987322477	0.12142857142857143
5.0963607940002476	0.06399274718698393	0.7142857142857143
5.1680178910000905	0.0651287106454006	0.6928571428571428
5.239638710000236	0.06625893274724529	1.0071428571428571
5.311126918000355	0.06739346364279122	0.6142857142857143
5.382584384999973	0.06853161852827161	0.35714285714285715
5.454242334000355	0.06966686722498132	0.7357142857142858
5.526087246000316	0.07080658686931689	0.6428571428571429
5.597876751000058	0.07194333304313161	0.7714285714285715
5.669413996000003	0.07308331880486257	0.32142857142857145
5.741297426000074	0.0742297106351059	0.2642857142857143
5.813009875000262	0.0753741047224504	0.22142857142857142
5.884607787000277	0.07650665500151778	0.8428571428571429
5.956212403000336	0.0776288946106146	1.4714285714285715
6.027696055999968	0.07873344969686061	2.3857142857142857
6.099430339000264	0.07984901897500053	1.9785714285714286
6.171166548000201	0.08095260763867251	2.657142857142857
6.242782516000261	0.08206743836926877	1.9142857142857144
6.314309651000258	0.08317782733013868	2.092857142857143
6.385940286000277	0.08427993449327263	2.65
6.457547754000188	0.08536705404712894	3.442857142857143
6.529392852000001	0.08644508786026023	4.1
6.601044913000351	0.08749576840791536	5.3
6.672731139999996	0.08850497201961025	7.15
6.744494849000148	0.0895087798194707	7.414285714285715
6.816297464999934	0.0904870920742596	8.42142857142857
6.888094156000079	0.09146766084352842	8.335714285714285
6.959856625000157	0.09245490545982851	8.064285714285715
7.031778908999968	0.09348418363165246	6.442857142857143
7.1034669519999625	0.09454060570477806	5.05
7.175295994999942	0.09562457983687858	3.7857142857142856
7.24705070400023	0.09672442026728045	2.8785714285714286
7.318819377000182	0.09784202472788826	1.8928571428571428
7.390826605000257	0.09897309151416436	1.3214285714285714
7.462474019000183	0.10010363344359409	1.0142857142857142
7.534149154000261	0.1012497590552272	0.07142857142857142
7.606014920000234	0.10238831829493518	0.7357142857142858
7.677738148000117	0.10351566497538203	1.2785714285714285
7.7499650620002285	0.10465615283690041	0.9642857142857143
7.821792734000155	0.1057764970246167	1.7857142857142858
7.8935556660003385	0.10687727764110233	2.835714285714286
7.9651884320001045	0.10796196241866039	3.592857142857143
8.036841365000328	0.10895632577063853	7.728571428571429
8.108544019999954	0.10974412698765137	13.714285714285714
8.180054119000033	0.10938066932434559	20
8.252043626000159	0.1090147740099955	20
8.323721021999972	0.10865047113243001	20
8.395352713000193	0.10828639782387563	20
8.467187572000057	0.10792129726922506	20
8.538843727000312	0.10755709416228497	20
8.610364345000107	0.10719358812318662	20
8.681883239999934	0.10683009384512714	20
8.753994136000074	0.10710372023594282	18.90714285714286
8.825907847000053	0.10751878371212578	18.192857142857143
8.898390298000322	0.10794957878364202	18.114285714285714
8.970703140000296	0.10843974340429063	17.685714285714287
9.042794536000201	0.10895301446513739	17.485714285714284
9.114270691999991	0.10944200436146839	17.65
9.185693032000017	0.10995133808187453	17.478571428571428
9.257261835999998	0.11049051298047091	17.22142857142857
9.328815788000156	0.11098798242757353	17.585714285714285
9.400354332000006	0.11153146663769155	17.178571428571427
9.471871506000298	0.1120966130367108	16.964285714285715
9.543594977000339	0.11263999357878134	17.192857142857143
9.615249707000203	0.11318512358814685	17.17142857142857
9.686928622000323	0.11370943931947207	17.364285714285714
9.759042370000316	0.11422286397292554	17.485714285714284
9.831055859000116	0.11463153424729937	18.235714285714284
9.903059034000307	0.11471979680895761	19.464285714285715
9.974738449000142	0.11487391642999861	19.3
10.04655297599993	0.11533805484901663	17.857142857142858
10.118332892000126	0.11607307528798859	14.721428571428572
10.19007906700017	0.11700747026258232	9.92142857142857
10.262096279000161	0.11805482804780167	5.7
10.333849417000238	0.11916173038662811	2.4857142857142858
10.405612609999935	0.12028110985626936	1.7857142857142858
10.477153803999954	0.12140390947130089	1.3785714285714286
10.548955331000343	0.1225035793335216	2.9285714285714284
10.620646857000338	0.12359130870075988	3.4785714285714286
10.692251772999953	0.12464649811613633	5.05
10.764354855999954	0.12564403728100076	7.85
10.83606597500011	0.12636219577063074	14.992857142857142
10.908548354000231	0.12653342256526953	19.257142857142856
10.980546678000337	0.12616748582298506	20
11.05211057600036	0.12580375792511644	20
11.124246308000238	0.12543713663841638	20
11.195827483000357	0.125736120580002	18.792857142857144
11.26736969600006	0.12616675294563437	18.07857142857143
11.339230964000308	0.12663314484770538	17.84285714285714
11.411014788000102	0.12722155731203336	16.742857142857144
11.482750390000092	0.12781990344148375	16.62857142857143
11.554569250999975	0.12846019489863966	16.135714285714286
11.62646887100027	0.1291663976251312	15.214285714285714
11.698318954000115	0.12985905828891633	15.414285714285715
11.770048389000294	0.13054043682936264	15.564285714285715
11.841779750000114	0.13111902083825863	16.84285714285714
11.913328054999965	0.13153762085191978	18.15714285714286
11.985894232000192	0.1319610336026136	18.164285714285715
12.057679576000282	0.13259421889584816	16.22142857142857
12.129552677999982	0.1333530023842132	14.314285714285715
12.201113466000152	0.13413293556362657	13.842857142857143
12.272847735000141	0.1349758511849584	12.492857142857142
12.344466318000286	0.13584469388700038	11.8
12.416417679999995	0.13668748665468267	12.557142857142857
12.488251042000229	0.1374746215920469	13.757142857142858
12.559736996000083	0.1381245338037936	15.971428571428572
12.63144174700028	0.1386358834805645	17.478571428571428
12.703151792999961	0.13902233879192613	18.357142857142858
12.774780822000139	0.13951324748987154	17.642857142857142
12.846740609000335	0.1400055635317071	17.65
12.918227416000263	0.14054941615781888	17.17142857142857
12.989689407000242	0.14114164316330285	16.67142857142857
13.061203529000068	0.14173174052496215	16.7
13.132824039000297	0.14232529137058275	16.67142857142857
13.204970272000082	0.1429119628987073	16.792857142857144
13.277194524000151	0.14327909624301838	18.478571428571428
13.348870479000198	0.14329532752066804	19.607142857142858
13.420440175000294	0.14293156912236618	20
13.49191057400003	0.14256832161269473	20
13.563532251000197	0.14220429722376787	20
13.635176465000313	0.14255346143177655	18.557142857142857
13.706874013000288	0.1433265365841802	14.007142857142858
13.779218875999959	0.14426896246962212	9.914285714285715
13.850864089999959	0.14530108656903626	6.142857142857143
13.922555064000335	0.14639271255035963	3.2714285714285714
13.994401112000105	0.1475063897163736	2.1857142857142855
14.066685790000065	0.14863756789332072	1.5714285714285714
14.138728098000229	0.14977281263111966	1.1071428571428572
14.210218591000285	0.15090874250491518	0.5285714285714286
14.281808084000204	0.1520437044065375	0.6857142857142857
14.353979854000045	0.15318582088360352	0.8142857142857143
14.425529568999991	0.15431043041240447	1.2785714285714285
14.497095525000077	0.15543550208224732	1.2642857142857142
14.569585870000083	0.15657560624830671	1.2357142857142858
14.641150826000285	0.1577025937753068	1.15
14.712701652000305	0.15882689676677736	1.3
14.784640311000203	0.15995976779948595	1.15
14.856195656000182	0.16108277411052474	1.3785714285714286
14.928164594000009	0.16221216088759338	1.3857142857142857
15.000261902000148	0.16334512198515933	1.292857142857143
15.07174798799997	0.16446852517423163	1.292857142857143
15.143250148000334	0.16559156288477256	1.3285714285714285
15.215148660000068	0.16672043741634263	1.35
15.287310025000352	0.16785296853654272	1.3785714285714286
15.359640573999968	0.16898901969892682	1.3285714285714285
15.431589235000047	0.17011868479913034	1.35
15.503249375999985	0.1712437834866437	1.35
15.57521144400016	0.17237348378690523	1.3642857142857143
15.646870197000226	0.1734980069627081	1.3857142857142857
15.718938004999927	0.17462920090084003	1.3714285714285714
15.790904683999997	0.17575913031420665	1.35
15.863203623000118	0.17689369834584373	1.3857142857142857
15.935137098000268	0.17802255012458168	1.3857142857142857
16.00773129700019	0.17916176670359987	1.3857142857142857
16.07972719899999	0.18029145046742368	1.3928571428571428
16.153475916999923	0.18144804487895702	1.4285714285714286
16.22524109599999	0.18257411910763927	1.3928571428571428
16.296770868000294	0.1836964960408127	1.3928571428571428
16.36824314000023	0.18481761962624374	1.4142857142857144
16.439783041000283	0.18594016567816216	1.3928571428571428
16.51160864700023	0.18706730345982403	1.3857142857142857
16.58344241900022	0.1881941553236583	1.4071428571428573
16.655088301999967	0.1893181749517775	1.4071428571428573
16.72707207400026	0.1904476779697478	1.3928571428571428
16.79878877200008	0.19157271265829656	1.4071428571428573
16.87023639600011	0.19269325160341802	1.4285714285714286
16.941806909000206	0.1938160237727252	1.4071428571428573
17.013657053000315	0.19494307380882162	1.4142857142857144
17.08532236300016	0.19606648893496745	1.457142857142857
17.15706880200014	0.19719225080078528	1.3928571428571428
17.228917296999953	0.19831925581783333	1.4142857142857144
17.301300515000094	0.19945471563009756	1.4142857142857144
17.37348478800004	0.2005928543324711	1.0642857142857143
17.445254857000236	0.20171902270779063	1.3928571428571428
17.517064852000203	0.20284351229773853	1.5285714285714285
17.588849347000178	0.2039652897963022	1.6642857142857144
17.660329490000095	0.20507936284476738	1.8357142857142856
17.73192520800012	0.2062066033379443	1.1642857142857144
17.80390814700013	0.2073587878074174	0
17.87555471600035	0.20850559444994654	0
17.9479788980002	0.20966477517966695	0
18.020279394000227	0.21082210186272526	0
18.091755278000164	0.21196616045634598	0
18.163930089000132	0.21311779909239728	0.22857142857142856
18.235502343999997	0.21425560827424767	0.4928571428571429
18.306993450999926	0.2153875199057859	0.7785714285714286
18.378562928000065	0.21652110843143207	0.75
18.450516794000123	0.21765827328972787	0.9071428571428571
18.52235121600006	0.21878371919229972	1.4928571428571429
18.59425778600007	0.21991534289930958	1.1928571428571428
18.665874929999973	0.2210339454512598	1.7
18.737531222000143	0.22213752943479853	2.585714285714286
18.809143847000087	0.22312572163476782	7.95
18.882341826000356	0.22399531906334746	12.264285714285714
18.954149655000037	0.22445250780803955	17.90714285714286
19.025808466999933	0.2240883004266689	20
19.09827320500017	0.22371999687404248	20
19.170521016000293	0.22335279464072236	20
19.24247853199995	0.22298706672552454	20
19.314443510000274	0.22262129617274232	20
19.38639726600013	0.22225558340865115	20
19.457932836000055	0.22189200024172484	20
19.529491555000277	0.22152831447826804	20
19.60106021799993	0.22116455276105348	20
19.673355251999965	0.2207971043997479	20
19.7451951930002	0.2204319779189647	20
19.816912114999923	0.22006750624454421	20
19.88876798199999	0.21970225909873603	20
19.96033668300015	0.21933851196846543	20
20.032406014000117	0.21897221357671864	20
20.104150160000245	0.21860756466839484	20
20.17575312000008	0.2182436437857738	20
20.24765954300028	0.2178781738510877	20
20.32001759600007	0.21751041215512462	20
20.392161408999982	0.21714372683326794	20
20.463791054000012	0.21677967126284292	20
20.535197773000164	0.21641674129618926	20
20.606775714999912	0.21605294493625604	20
20.67838078600016	0.21568901784274927	20
20.74996385800023	0.21532517743736157	20
20.821983355000157	0.21495913327011607	20
20.89400142700015	0.21459310368981452	20
20.965809054000147	0.2142281348547527	20
21.037467126000138	0.2138639285000596	20
21.109307273000013	0.21349879410573308	20
21.18334255000036	0.2131225238202909	20
21.254980993000117	0.2127583993506989	20
21.326852490999954	0.21239310890657373	20
21.398368822000066	0.2120296206005199	20
21.47008189400003	0.2116651330126101	20
21.541832374000023	0.21130046047546902	20
21.613527316000273	0.21093606596953882	20
21.685005703000115	0.21057277005357744	20
21.75668353400033	0.2102084699510897	20
21.82905451400029	0.2098406372822768	20
21.900692568000068	0.20947653474392694	20
21.97263517800002	0.20911089171254046	20
22.0447217320002	0.20874449674709622	20
22.11678408300031	0.20837823863462612	20
22.18836723000004	0.208014405466804	20
22.259792395000204	0.2076513895591664	20
22.33152217199995	0.20728681847498065	20
22.40328609700009	0.20692207167149423	20
22.475044077000348	0.20655736505579947	20
22.546797835000234	0.2061926718072336	20
22.618660093000017	0.20582743717468427	20
22.690482943999996	0.20546238211909842	20
22.762719295000352	0.2050952433110274	20
22.834535571000288	0.20473022186132	20
22.906038552000155	0.2043668017936983	20
22.97761027300021	0.20400305031784208	20
23.04961819900018	0.20363706110830235	20
23.121113143000002	0.20327367576472402	20
23.19280275300025	0.20290930760677434	20
23.265010141999937	0.20254231091721037	20
23.336685290000332	0.20217801626830814	20
23.408237122000173	0.20181435477915136	20
23.480744678000065	0.20144584066120075	20
23.55240723299994	0.2010816062507847	20
23.624011362000147	0.20071768667438128	20
23.695801843000027	0.20035279557705493	20
23.76756784300005	0.19998803493376205	20
23.839314435000233	0.1996233731208219	20
23.911030564000157	0.19925887977945414	20
